201 6 3012
1 66.0 347.0 24909 10040 .30
2 326.0 160.0 46 92 0 46 .18
3 353.0 175.0 198 297 0 99 .46
4 310.0 20.0 56 84 0 28 .14
5 57.0 218.0 27 54 0 27 .22
6 16.0 159.0 104 156 0 52 .23
7 13.0 114.0 46 92 0 46 .22
8 355.0 489.0 63 126 0 63 .31
9 327.0 226.0 98 147 0 49 .32
10 132.0 312.0 68 136 0 68 .27
11 233.0 162.0 69 138 0 69 .44
12 155.0 404.0 68 102 0 34 .24
13 223.0 242.0 11 22 0 11 .17
14 434.0 22.0 78 117 0 39 .27
15 472.0 141.0 58 116 0 58 .40
16 109.0 263.0 19 38 0 19 .13
17 331.0 432.0 73 146 0 73 .49
18 395.0 141.0 116 174 0 58 .32
19 271.0 203.0 24 48 0 24 .44
20 223.0 58.0 36 72 0 36 .37
21 .0 198.0 68 102 0 34 .19
22 199.0 332.0 25 50 0 25 .13
23 127.0 107.0 154 231 0 77 .19
24 260.0 361.0 60 90 0 30 .15
25 7.0 205.0 44 88 0 44 .19
26 178.0 301.0 184 276 0 92 .45
27 347.0 35.0 104 156 0 52 .28
28 222.0 122.0 172 258 0 86 .41
29 340.0 278.0 51 102 0 51 .15
30 91.0 71.0 156 234 0 78 .13
31 11.0 125.0 54 108 0 54 .39
32 40.0 56.0 14 28 0 14 .24
33 483.0 341.0 184 276 0 92 .25
34 58.0 268.0 96 144 0 48 .23
35 466.0 362.0 80 160 0 80 .31
36 27.0 406.0 21 42 0 21 .49
37 214.0 193.0 56 112 0 56 .21
38 137.0 415.0 43 86 0 43 .48
39 166.0 383.0 12 24 0 12 .25
40 363.0 382.0 98 147 0 49 .33
41 276.0 117.0 128 192 0 64 .22
42 269.0 177.0 138 207 0 69 .41
43 245.0 39.0 43 86 0 43 .33
44 287.0 453.0 76 114 0 38 .39
45 67.0 48.0 22 33 0 11 .34
46 89.0 72.0 142 213 0 71 .14
47 296.0 83.0 128 192 0 64 .19
48 494.0 246.0 43 86 0 43 .47
49 266.0 439.0 23 46 0 23 .14
50 407.0 437.0 63 126 0 63 .32
51 350.0 26.0 11 22 0 11 .36
52 390.0 350.0 23 46 0 23 .28
53 492.0 378.0 182 273 0 91 .36
54 333.0 157.0 88 176 0 88 .20
55 98.0 284.0 59 118 0 59 .16
56 65.0 151.0 194 291 0 97 .36
57 303.0 490.0 172 258 0 86 .12
58 351.0 91.0 36 72 0 36 .43
59 456.0 108.0 20 30 0 10 .36
60 426.0 301.0 62 93 0 31 .20
61 60.0 446.0 73 146 0 73 .23
62 121.0 297.0 132 198 0 66 .23
63 319.0 219.0 32 48 0 16 .16
64 314.0 484.0 61 122 0 61 .23
65 226.0 105.0 71 142 0 71 .13
66 292.0 320.0 94 141 0 47 .33
67 79.0 424.0 80 120 0 40 .35
68 334.0 239.0 174 261 0 87 .24
69 478.0 257.0 15 30 0 15 .24
70 144.0 304.0 152 228 0 76 .16
71 212.0 10.0 76 152 0 76 .12
72 159.0 355.0 36 72 0 36 .46
73 477.0 421.0 166 249 0 83 .26
74 116.0 189.0 99 198 0 99 .49
75 387.0 182.0 74 111 0 37 .13
76 59.0 479.0 79 158 0 79 .30
77 135.0 206.0 156 234 0 78 .45
78 267.0 143.0 20 30 0 10 .30
79 327.0 392.0 30 45 0 15 .22
80 67.0 39.0 94 141 0 47 .47
81 37.0 65.0 184 276 0 92 .48
82 312.0 208.0 71 142 0 71 .41
83 298.0 93.0 174 261 0 87 .14
84 430.0 173.0 27 54 0 27 .18
85 191.0 57.0 50 100 0 50 .41
86 255.0 334.0 86 129 0 43 .13
87 88.0 176.0 116 174 0 58 .31
88 418.0 178.0 27 54 0 27 .41
89 498.0 149.0 70 140 0 70 .48
90 223.0 164.0 124 186 0 62 .18
91 16.0 102.0 76 152 0 76 .23
92 358.0 63.0 32 64 0 32 .28
93 486.0 99.0 22 44 0 22 .33
94 272.0 449.0 93 186 0 93 .47
95 70.0 346.0 47 94 0 47 .25
96 258.0 410.0 13 26 0 13 .19
97 191.0 205.0 33 66 0 33 .44
98 341.0 375.0 92 138 0 46 .46
99 81.0 378.0 118 177 0 59 .44
100 1.0 329.0 44 66 0 22 .13
101 368.0 5.0 92 138 0 46 .34
102 179.0 111.0 142 213 0 71 .40
103 355.0 445.0 82 164 0 82 .14
104 307.0 292.0 24 36 0 12 .29
105 43.0 79.0 36 54 0 18 .40
106 91.0 97.0 48 72 0 24 .11
107 167.0 107.0 45 90 0 45 .17
108 169.0 306.0 102 153 0 51 .23
109 373.0 272.0 76 152 0 76 .26
110 220.0 222.0 24 48 0 24 .46
111 446.0 227.0 40 60 0 20 .45
112 236.0 79.0 108 162 0 54 .25
113 490.0 251.0 43 86 0 43 .43
114 128.0 403.0 41 82 0 41 .24
115 274.0 314.0 73 146 0 73 .40
116 265.0 400.0 48 96 0 48 .48
117 380.0 388.0 46 92 0 46 .17
118 379.0 233.0 30 45 0 15 .46
119 457.0 21.0 43 86 0 43 .11
120 171.0 460.0 182 273 0 91 .15
121 18.0 33.0 182 273 0 91 .25
122 287.0 254.0 130 195 0 65 .19
123 497.0 394.0 82 164 0 82 .18
124 201.0 263.0 67 134 0 67 .10
125 370.0 39.0 66 99 0 33 .45
126 16.0 292.0 56 84 0 28 .37
127 107.0 365.0 18 36 0 18 .36
128 14.0 196.0 49 98 0 49 .42
129 186.0 182.0 11 22 0 11 .37
130 498.0 193.0 40 80 0 40 .19
131 38.0 303.0 188 282 0 94 .14
132 390.0 117.0 60 90 0 30 .36
133 269.0 67.0 59 118 0 59 .31
134 423.0 338.0 22 44 0 22 .38
135 461.0 239.0 55 110 0 55 .10
136 334.0 472.0 50 75 0 25 .16
137 421.0 411.0 25 50 0 25 .49
138 102.0 405.0 132 198 0 66 .23
139 119.0 208.0 56 84 0 28 .14
140 181.0 352.0 62 124 0 62 .18
141 455.0 241.0 79 158 0 79 .22
142 399.0 459.0 112 168 0 56 .45
143 336.0 59.0 71 142 0 71 .47
144 452.0 28.0 12 24 0 12 .25
145 474.0 483.0 44 88 0 44 .43
146 187.0 299.0 33 66 0 33 .35
147 15.0 303.0 168 252 0 84 .47
148 38.0 168.0 94 141 0 47 .32
149 280.0 257.0 95 190 0 95 .36
150 492.0 137.0 20 40 0 20 .18
151 117.0 56.0 46 92 0 46 .29
152 233.0 262.0 58 116 0 58 .21
153 196.0 335.0 22 44 0 22 .43
154 172.0 238.0 74 148 0 74 .49
155 382.0 303.0 88 132 0 44 .24
156 427.0 76.0 108 162 0 54 .12
157 59.0 86.0 25 50 0 25 .45
158 415.0 277.0 76 114 0 38 .34
159 407.0 270.0 122 183 0 61 .31
160 255.0 316.0 40 80 0 40 .19
161 33.0 495.0 72 144 0 72 .24
162 141.0 444.0 19 38 0 19 .24
163 173.0 60.0 76 152 0 76 .20
164 73.0 397.0 39 78 0 39 .19
165 70.0 16.0 55 110 0 55 .49
166 460.0 347.0 132 198 0 66 .15
167 408.0 76.0 152 228 0 76 .44
168 227.0 446.0 65 130 0 65 .48
169 31.0 61.0 56 112 0 56 .23
170 404.0 485.0 88 132 0 44 .39
171 228.0 86.0 78 117 0 39 .17
172 398.0 6.0 63 126 0 63 .50
173 335.0 102.0 96 144 0 48 .28
174 91.0 261.0 27 54 0 27 .24
175 150.0 214.0 21 42 0 21 .49
176 337.0 358.0 22 33 0 11 .33
177 197.0 171.0 104 156 0 52 .39
178 113.0 177.0 98 147 0 49 .28
179 314.0 85.0 108 162 0 54 .43
180 264.0 20.0 67 134 0 67 .45
181 381.0 223.0 170 255 0 85 .29
182 38.0 383.0 192 288 0 96 .36
183 221.0 321.0 66 99 0 33 .35
184 191.0 429.0 86 129 0 43 .19
185 354.0 344.0 66 132 0 66 .35
186 111.0 428.0 56 84 0 28 .13
187 490.0 295.0 40 60 0 20 .33
188 210.0 291.0 59 118 0 59 .35
189 233.0 104.0 43 86 0 43 .30
190 162.0 4.0 74 111 0 37 .20
191 236.0 417.0 84 168 0 84 .50
192 338.0 182.0 112 168 0 56 .27
193 404.0 42.0 34 68 0 34 .11
194 201.0 451.0 36 54 0 18 .19
195 425.0 477.0 46 92 0 46 .46
196 30.0 35.0 24 36 0 12 .24
197 72.0 99.0 91 182 0 91 .34
198 111.0 114.0 79 158 0 79 .22
199 86.0 277.0 84 168 0 84 .40
200 449.0 156.0 35 70 0 35 .39
201 366.0 201.0 32 48 0 16 .19
